Run: /work/users/a/s/asameull/GE8/runs/ll_7b_g2_30226581
Generated: 2026-02-27T09:10:03
Chosen k column: k_llama70b
Cluster threshold: 0.85
Cluster kinds: reasoning
Strip numbers: True

=== Global ranking (score desc, acc desc, mae asc) ===
                     method    n  coverage      acc  acc_within1  acc_within2          mae         rmse  score_inv1p_abs
                     median 2822  0.996469 0.319986     0.615521     0.760808 9.734589e+04 3.656372e+06         0.548945
          dedup_text_median 2822  0.996469 0.319631     0.615521     0.761162 9.734589e+04 3.656372e+06         0.548811
  cluster_median_mode_wsqrt 2818  0.995056 0.322214     0.605749     0.745209 9.748950e+04 3.659131e+06         0.546031
cluster_median_median_wsqrt 2818  0.995056 0.314762     0.614265     0.760468 9.748878e+04 3.659131e+06         0.545887
  cluster_median_mode_wsize 2818  0.995056 0.320085     0.607168     0.746274 1.462004e+05 4.480587e+06         0.545028
cluster_median_median_wsize 2818  0.995056 0.315117     0.612136     0.754081 9.749382e+04 3.659131e+06         0.544916
                       mode 2822  0.996469 0.319277     0.603473     0.737775 4.871075e+04 2.587208e+06         0.543005
            dedup_text_mode 2822  0.996469 0.318568     0.603473     0.737775 4.871075e+04 2.587208e+06         0.542713
  cluster_mode_median_wsqrt 2818  0.995056 0.314407     0.606813     0.749113 9.751198e+04 3.659996e+06         0.542588
  cluster_mode_median_wsize 2818  0.995056 0.313698     0.599716     0.741306 9.751708e+04 3.659996e+06         0.539607
    cluster_mode_mode_wsqrt 2818  0.995056 0.318666     0.591554     0.729950 9.752097e+04 3.660326e+06         0.538943
        cluster_median_mode 2818  0.995056 0.312988     0.594038     0.737048 9.756698e+04 3.661821e+06         0.538517
    cluster_mode_mode_wsize 2818  0.995056 0.316537     0.592974     0.731725 1.462319e+05 4.481563e+06         0.537911
      cluster_median_median 2818  0.995056 0.305891     0.597942     0.745919 9.753562e+04 3.169504e+06         0.536729
        cluster_mode_median 2818  0.995056 0.307665     0.595813     0.742370 9.755161e+04 3.170194e+06         0.536399
          cluster_mode_mode 2818  0.995056 0.311923     0.591909     0.729950 9.761290e+04 3.663016e+06         0.536130
          cluster_mean_mode 2818  0.995056 0.292406     0.571682     0.716111 1.188786e+63 6.310653e+64         0.520825
        cluster_mean_median 2818  0.995056 0.282825     0.580908     0.732434 1.188786e+63 6.310653e+64         0.520141
  cluster_mean_median_wsqrt 2818  0.995056 0.272179     0.582328     0.733854 1.188786e+63 6.310653e+64         0.514903
    cluster_mean_mode_wsqrt 2818  0.995056 0.276792     0.570617     0.712917 1.188786e+63 6.310653e+64         0.511848
  cluster_mean_median_wsize 2818  0.995056 0.263662     0.573456     0.715756 1.188786e+63 6.310653e+64         0.506393
            trimmed_mean_10 2822  0.996469 0.262225     0.563785     0.720057 1.339460e+26 5.074467e+27         0.503760
    cluster_mean_mode_wsize 2818  0.995056 0.265082     0.562811     0.705820 1.188786e+63 6.310653e+64         0.503473
             winsor_mean_10 2822  0.996469 0.253012     0.551028     0.708717 2.087483e+26 7.845679e+27         0.494979
  cluster_median_mean_wsize 2818  0.995056 0.257630     0.546487     0.697658 2.499907e+26 8.168386e+27         0.492803
               dedup_k_mode 2822  0.996469 0.240609     0.554571     0.709780 2.431905e+05 5.777214e+06         0.491778
    cluster_mode_mean_wsize 2818  0.995056 0.259759     0.539035     0.690916 2.499907e+26 8.168386e+27         0.490980
             dedup_k_median 2822  0.996469 0.228561     0.547484     0.709072 2.188860e+05 5.326846e+06         0.484117
    cluster_mode_mean_wsqrt 2818  0.995056 0.246984     0.533357     0.680979 2.534344e+26 8.297968e+27         0.481726
  cluster_median_mean_wsqrt 2818  0.995056 0.243790     0.536906     0.682044 2.534344e+26 8.297968e+27         0.481652
          cluster_mode_mean 2818  0.995056 0.238467     0.518808     0.668914 2.560026e+26 8.395892e+27         0.472947
        cluster_median_mean 2818  0.995056 0.235983     0.519872     0.671753 2.560026e+26 8.395892e+27         0.472685
    cluster_mean_mean_wsize 2818  0.995056 0.235273     0.516324     0.676011 1.188786e+63 6.310653e+64         0.472231
                       mean 2822  0.996469 0.234940     0.514883     0.675762 1.187101e+63 6.306179e+64         0.471762
            dedup_text_mean 2822  0.996469 0.234585     0.515237     0.675762 1.187101e+63 6.306179e+64         0.471646
    cluster_mean_mean_wsqrt 2818  0.995056 0.223208     0.513485     0.669624 1.188786e+63 6.310653e+64         0.464330
          cluster_mean_mean 2818  0.995056 0.221789     0.504258     0.663236 1.188786e+63 6.310653e+64         0.460555
               dedup_k_mean 2822  0.996469 0.180723     0.440822     0.610560 2.638003e+63 1.401373e+65         0.419900
