Run: /work/users/a/s/asameull/GE8/runs/ll_7b_g2_30226581
Generated: 2026-02-20T10:55:06
Chosen k column: k_llama70b
Cluster threshold: 0.85
Cluster kinds: reasoning
Strip numbers: True

=== Global ranking (acc desc, mae asc) ===
                     method    n  coverage      acc  acc_within1  acc_within2          mae         rmse
     cluster_mode_mode_wlen 2818  0.995056 0.332860     0.600426     0.739177 1.462622e+05 4.482523e+06
   cluster_median_mode_wlen 2818  0.995056 0.332505     0.610717     0.747693 1.462620e+05 4.482523e+06
   cluster_mode_median_wlen 2818  0.995056 0.329312     0.610717     0.752661 9.752569e+04 3.660326e+06
 cluster_median_median_wlen 2818  0.995056 0.328247     0.618524     0.763307 9.751677e+04 3.659996e+06
                     median 2822  0.996469 0.319986     0.615521     0.760808 9.734589e+04 3.656372e+06
          dedup_text_median 2822  0.996469 0.319631     0.615521     0.761162 9.734589e+04 3.656372e+06
                       mode 2822  0.996469 0.319277     0.603473     0.737775 4.871075e+04 2.587208e+06
  cluster_median_mode_wsize 2818  0.995056 0.318666     0.605749     0.746984 1.462004e+05 4.480587e+06
            dedup_text_mode 2822  0.996469 0.318568     0.603473     0.737775 4.871075e+04 2.587208e+06
    cluster_mode_mode_wsize 2818  0.995056 0.315827     0.592264     0.732789 1.462319e+05 4.481563e+06
cluster_median_median_wsize 2818  0.995056 0.315117     0.612136     0.754081 9.749382e+04 3.659131e+06
  cluster_mode_median_wsize 2818  0.995056 0.313698     0.599716     0.741306 9.751708e+04 3.659996e+06
        cluster_median_mode 2818  0.995056 0.312988     0.594038     0.737048 9.756698e+04 3.661821e+06
          cluster_mode_mode 2818  0.995056 0.311923     0.591909     0.729950 9.761290e+04 3.663016e+06
        cluster_mode_median 2818  0.995056 0.307665     0.595813     0.742370 9.755161e+04 3.170194e+06
      cluster_median_median 2818  0.995056 0.305891     0.597942     0.745919 9.753562e+04 3.169504e+06
          cluster_mean_mode 2818  0.995056 0.292406     0.571682     0.716111 1.188786e+63 6.310653e+64
        cluster_mean_median 2818  0.995056 0.282825     0.580908     0.732434 1.188786e+63 6.310653e+64
     cluster_mean_mode_wlen 2818  0.995056 0.279631     0.564585     0.705110 1.188786e+63 6.310653e+64
     cluster_mode_mean_wlen 2818  0.995056 0.272889     0.551455     0.700852 2.557480e+26 8.350667e+27
   cluster_mean_median_wlen 2818  0.995056 0.270405     0.577715     0.722853 1.188786e+63 6.310653e+64
   cluster_median_mean_wlen 2818  0.995056 0.267921     0.561391     0.707239 2.557480e+26 8.350667e+27
    cluster_mean_mode_wsize 2818  0.995056 0.265082     0.562101     0.706884 1.188786e+63 6.310653e+64
  cluster_mean_median_wsize 2818  0.995056 0.263662     0.573456     0.715756 1.188786e+63 6.310653e+64
            trimmed_mean_10 2822  0.996469 0.262225     0.563785     0.720057 1.339460e+26 5.074467e+27
    cluster_mode_mean_wsize 2818  0.995056 0.259759     0.539035     0.690916 2.499907e+26 8.168386e+27
  cluster_median_mean_wsize 2818  0.995056 0.257630     0.546487     0.697658 2.499907e+26 8.168386e+27
             winsor_mean_10 2822  0.996469 0.253012     0.551028     0.708717 2.087483e+26 7.845679e+27
     cluster_mean_mean_wlen 2818  0.995056 0.241661     0.530518     0.685593 1.188786e+63 6.310653e+64
               dedup_k_mode 2822  0.996469 0.240609     0.554571     0.709780 2.431905e+05 5.777214e+06
          cluster_mode_mean 2818  0.995056 0.238467     0.518808     0.668914 2.560026e+26 8.395892e+27
        cluster_median_mean 2818  0.995056 0.235983     0.519872     0.671753 2.560026e+26 8.395892e+27
    cluster_mean_mean_wsize 2818  0.995056 0.235273     0.516324     0.676011 1.188786e+63 6.310653e+64
                       mean 2822  0.996469 0.234940     0.514883     0.675762 1.187101e+63 6.306179e+64
            dedup_text_mean 2822  0.996469 0.234585     0.515237     0.675762 1.187101e+63 6.306179e+64
             dedup_k_median 2822  0.996469 0.228561     0.547484     0.709072 2.188860e+05 5.326846e+06
          cluster_mean_mean 2818  0.995056 0.221789     0.504258     0.663236 1.188786e+63 6.310653e+64
               dedup_k_mean 2822  0.996469 0.180723     0.440822     0.610560 2.638003e+63 1.401373e+65
