Run: /work/users/a/s/asameull/GE8/runs/ll_7b_g2_30226581
Generated: 2026-02-19T15:28:51
Chosen k column: k_llama70b
Cluster threshold: 0.85
Cluster kinds: reasoning
Strip numbers for clustering: True

=== Global ranking (by acc desc, mae asc) ===
                     method    n  coverage      acc  acc_within1  acc_within2          mae         rmse
 cluster_median_median_wlen 2818  0.995056 0.322214     0.606813     0.751952 4.878675e+04 2.589100e+06
   cluster_median_mode_wlen 2818  0.995056 0.320085     0.588361     0.729595 4.879317e+04 2.589100e+06
                     median 2822  0.996469 0.319986     0.615521     0.760808 9.734589e+04 3.656372e+06
   cluster_mode_median_wlen 2818  0.995056 0.319730     0.602200     0.746274 4.878675e+04 2.589100e+06
          dedup_text_median 2822  0.996469 0.319631     0.615521     0.761162 9.734589e+04 3.656372e+06
                       mode 2822  0.996469 0.318923     0.601701     0.737066 4.871075e+04 2.587208e+06
            dedup_text_mode 2822  0.996469 0.318214     0.601701     0.737066 4.871075e+04 2.587208e+06
  cluster_median_mode_wsize 2818  0.995056 0.317601     0.606104     0.747339 1.462004e+05 4.480587e+06
     cluster_mode_mode_wlen 2818  0.995056 0.317246     0.585877     0.725337 4.878602e+04 2.589100e+06
cluster_median_median_wsize 2818  0.995056 0.315117     0.612136     0.754081 9.749382e+04 3.659131e+06
  cluster_mode_median_wsize 2818  0.995056 0.310504     0.595813     0.740596 9.746216e+04 3.657936e+06
        cluster_median_mode 2818  0.995056 0.309794     0.594038     0.736338 4.872351e+04 2.585747e+06
    cluster_mode_mode_wsize 2818  0.995056 0.309794     0.590490     0.732079 1.461688e+05 4.479612e+06
        cluster_mode_median 2818  0.995056 0.306246     0.593683     0.743790 9.751972e+04 3.168814e+06
      cluster_median_median 2818  0.995056 0.305891     0.597942     0.745919 9.753562e+04 3.169504e+06
          cluster_mode_mode 2818  0.995056 0.304471     0.586941     0.731015 4.869240e+04 2.584056e+06
     cluster_mean_mode_wlen 2818  0.995056 0.299503     0.572747     0.712562 1.188786e+63 6.310653e+64
   cluster_mean_median_wlen 2818  0.995056 0.295955     0.588715     0.733499 1.188786e+63 6.310653e+64
          cluster_mean_mode 2818  0.995056 0.289212     0.573811     0.717885 1.188786e+63 6.310653e+64
        cluster_mean_median 2818  0.995056 0.282825     0.580908     0.732434 1.188786e+63 6.310653e+64
    cluster_mean_mode_wsize 2818  0.995056 0.264727     0.562456     0.706884 1.188786e+63 6.310653e+64
  cluster_mean_median_wsize 2818  0.995056 0.263662     0.573456     0.715756 1.188786e+63 6.310653e+64
            trimmed_mean_10 2822  0.996469 0.262225     0.563785     0.720057 1.339460e+26 5.074467e+27
  cluster_median_mean_wsize 2818  0.995056 0.257630     0.546487     0.697658 2.499907e+26 8.168386e+27
             winsor_mean_10 2822  0.996469 0.253012     0.551028     0.708717 2.087483e+26 7.845679e+27
    cluster_mode_mean_wsize 2818  0.995056 0.252307     0.534776     0.689141 2.499907e+26 8.168386e+27
   cluster_median_mean_wlen 2818  0.995056 0.246629     0.523421     0.681334 2.612004e+26 8.574458e+27
     cluster_mode_mean_wlen 2818  0.995056 0.242016     0.516678     0.677786 2.612004e+26 8.574458e+27
        cluster_median_mean 2818  0.995056 0.235983     0.519872     0.671753 2.560026e+26 8.395892e+27
          cluster_mode_mean 2818  0.995056 0.235628     0.512775     0.667495 2.560026e+26 8.395892e+27
    cluster_mean_mean_wsize 2818  0.995056 0.235273     0.516324     0.676011 1.188786e+63 6.310653e+64
                       mean 2822  0.996469 0.234940     0.514883     0.675762 1.187101e+63 6.306179e+64
     cluster_mean_mean_wlen 2818  0.995056 0.234918     0.510291     0.669979 1.188786e+63 6.310653e+64
            dedup_text_mean 2822  0.996469 0.234585     0.515237     0.675762 1.187101e+63 6.306179e+64
             dedup_k_median 2822  0.996469 0.228561     0.547484     0.709072 2.188860e+05 5.326846e+06
          cluster_mean_mean 2818  0.995056 0.221789     0.504258     0.663236 1.188786e+63 6.310653e+64
               dedup_k_mode 2822  0.996469 0.210843     0.520553     0.697732 1.945815e+05 5.168009e+06
               dedup_k_mean 2822  0.996469 0.180723     0.440822     0.610560 2.638003e+63 1.401373e+65
